12
6
Arcadia
Amogh Kulkarni (10)
Ryan Sun (10)
Sanjith Menon (10)
Michael Kwok (10)
Spencer Cheng (12)
4
Canyon Crest A
Wesley Zhang (12)
Raymond Song (12)
Leo Gu (10)
4
Canyon Crest B
Shreyank Kadadi (12)
Jonathan Hsieh (12)
Kevin Luo (10)
6
Canyon Crest C
Nithin Chilakapati (10)
Cade McAllister (10)
Paul Mola (11)
James Wright (11)
Andrew Sun (10)
5
Cathedral Catholic
Mikayla Nang (11)
Jacob Titcomb (11)
Ryan Shakiba (10)
Sinead Archdeacon (10)
5
La Jolla
Kevin Park (11)
Caleb Cruz (11)
Richard Chao (11)
David Llwellyn Smith (11)	
2
Santa Monica A
Josh Xu (11)
4
Santa Monica B
Jacob Cohen (10)
Ethan Hopkins (10)
Kethan Raman (10)
4
Scripps Ranch A
Jeremy Ngo (12)
Albert Gu (12)
Jack Hoover (12)
5
Troy A
Tyler Kim (11)
Luke Park (11)
Henry Tang (10)
Daniel Shin (10)
5
Westview A
Daniel Jung (12)
Gary Lin (11)
Shahar Schwartz (12)
Junu Song (12)
6
Westview B
Nicholas Dai (11)
Andrew Jia (11)
Richard Lin (9)
Pramod Shastry (9)
Rohan Venkateswaran (12)
61
0
2
10
215
445
20
1
8
130
12
290
0
0
0
0
0
0
0
1
2
3
2
0
50
0
1
0
0
0
0
0
1
1
1
2
0
0
35
1
1
1
0
0
0
15
2
1
0
0
0
0
0
2
1
8
2
1
0
135
-1
0
0
0
0
0
0
3
1
0
1
1
0
5
-1
0
0
0
0
0
0
-1
0
0
0
0
0
0
-1
0
0
0
0
0
0
-1
0
0
0
0
0
0
-1
0
0
0
0
0
0
-1
0
0
0
0
0
0
-1
0
0
0
0
0
0
-1
0
0
0
0
0
0
1
0
1
305
375
20
1
9
210
11
250
0
0
0
0
0
0
0
1
3
3
2
0
65
0
1
2
2
0
0
50
1
1
1
0
1
0
10
1
1
4
2
3
0
65
2
0
0
0
0
0
0
2
1
0
1
0
0
10
3
1
0
0
0
0
0
-1
0
0
0
0
0
0
4
1
0
2
0
0
20
-1
0
0
0
0
0
0
-1
0
0
0
0
0
0
-1
0
0
0
0
0
0
-1
0
0
0
0
0
0
-1
0
0
0
0
0
0
-1
0
0
0
0
0
0
-1
0
0
0
0
0
0
2
3
6
120
330
20
1
5
70
14
200
0
0
0
0
0
0
0
0
0
0
0
0
0
0
1
1
13
3
0
130
1
0
0
0
0
0
0
-1
0
0
0
0
0
0
2
1
0
2
0
0
20
-1
0
0
0
0
0
0
3
1
0
3
0
0
30
-1
0
0
0
0
0
0
4
0
0
0
0
0
0
-1
0
0
0
0
0
0
-1
0
0
0
0
0
0
-1
0
0
0
0
0
0
-1
0
0
0
0
0
0
-1
0
0
0
0
0
0
-1
0
0
0
0
0
0
-1
0
0
0
0
0
0
3
8
11
235
225
20
1
9
150
11
120
0
0
0
0
0
0
0
1
0
3
0
0
30
0
1
0
4
0
0
40
1
1
1
5
2
0
55
1
0
0
0
0
0
0
2
0
0
0
0
0
0
2
1
1
3
0
0
45
-1
0
0
0
0
0
0
3
1
1
2
3
0
20
-1
0
0
0
0
0
0
4
0
0
0
0
0
0
-1
0
0
0
0
0
0
-1
0
0
0
0
0
0
-1
0
0
0
0
0
0
-1
0
0
0
0
0
0
-1
0
0
0
0
0
0
-1
0
0
0
0
0
0
4
4
5
70
260
20
1
4
40
13
130
0
0
0
0
0
0
0
1
0
0
0
0
0
0
1
1
6
2
0
65
1
1
0
1
0
0
10
1
1
0
2
0
0
20
2
1
1
1
3
0
10
2
1
1
3
0
0
45
3
1
0
1
0
0
10
3
1
0
0
0
0
0
-1
0
0
0
0
0
0
-1
0
0
0
0
0
0
-1
0
0
0
0
0
0
-1
0
0
0
0
0
0
-1
0
0
0
0
0
0
-1
0
0
0
0
0
0
-1
0
0
0
0
0
0
-1
0
0
0
0
0
0
5
7
9
215
150
20
1
9
120
7
100
0
0
0
0
0
0
0
1
0
0
0
0
0
0
1
0
1
2
0
0
1
1
0
1
0
0
10
1
1
0
3
0
0
30
2
1
1
7
0
0
85
2
1
0
2
0
0
20
-1
0
0
0
0
0
0
3
1
0
1
2
0
0
-1
0
0
0
0
0
0
-1
0
0
0
0
0
0
-1
0
0
0
0
0
0
-1
0
0
0
0
0
0
-1
0
0
0
0
0
0
-1
0
0
0
0
0
0
-1
0
0
0
0
0
0
-1
0
0
0
0
0
0
6
2
3
460
35
20
2
16
280
4
10
0
0
0
0
0
0
0
1
3
6
1
0
100
0
0
0
0
0
0
0
1
1
1
2
1
0
30
1
0
0
0
0
0
0
2
1
2
2
0
0
50
2
1
0
4
3
0
25
-1
0
0
0
0
0
0
3
1
0
0
0
0
0
-1
0
0
0
0
0
0
4
0
0
0
0
0
0
-1
0
0
0
0
0
0
-1
0
0
0
0
0
0
-1
0
0
0
0
0
0
-1
0
0
0
0
0
0
-1
0
0
0
0
0
0
-1
0
0
0
0
0
0
7
0
8
605
30
20
2
18
390
2
20
0
0
0
0
0
0
0
1
5
8
0
0
155
0
1
0
1
0
0
10
1
1
1
2
0
0
35
1
1
0
1
2
0
0
2
1
0
0
0
0
0
2
1
0
0
0
0
0
3
0
0
0
0
0
0
-1
0
0
0
0
0
0
4
1
2
0
1
0
25
-1
0
0
0
0
0
0
-1
0
0
0
0
0
0
-1
0
0
0
0
0
0
-1
0
0
0
0
0
0
-1
0
0
0
0
0
0
-1
0
0
0
0
0
0
-1
0
0
0
0
0
0
8
10
5
640
55
20
2
18
420
2
40
0
0
0
0
0
0
0
1
1
0
0
0
15
0
1
0
1
1
0
5
1
1
2
1
0
0
40
1
1
0
0
0
0
0
2
1
4
5
1
0
105
2
1
1
0
1
0
10
3
1
2
3
0
0
60
3
1
0
0
0
0
0
-1
0
0
0
0
0
0
-1
0
0
0
0
0
0
-1
0
0
0
0
0
0
-1
0
0
0
0
0
0
-1
0
0
0
0
0
0
-1
0
0
0
0
0
0
-1
0
0
0
0
0
0
-1
0
0
0
0
0
0
9
1
7
600
-10
20
2
18
380
0
0
0
0
0
0
0
0
0
1
6
3
1
0
115
0
1
0
0
1
0
-5
1
1
3
4
1
0
80
1
1
0
0
0
0
0
2
1
1
1
0
0
25
2
1
0
0
1
0
-5
-1
0
0
0
0
0
0
-1
0
0
0
0
0
0
-1
0
0
0
0
0
0
-1
0
0
0
0
0
0
-1
0
0
0
0
0
0
-1
0
0
0
0
0
0
-1
0
0
0
0
0
0
-1
0
0
0
0
0
0
-1
0
0
0
0
0
0
-1
0
0
0
0
0
0
10
9
11
65
390
20
2
4
30
15
230
0
0
0
0
0
0
0
1
0
0
0
0
0
0
1
0
4
1
0
35
1
1
0
0
0
0
0
1
0
0
0
0
0
0
2
1
0
1
1
0
5
2
1
0
4
0
0
40
3
1
0
3
0
0
30
3
1
4
3
1
0
85
-1
0
0
0
0
0
0
-1
0
0
0
0
0
0
-1
0
0
0
0
0
0
-1
0
0
0
0
0
0
-1
0
0
0
0
0
0
-1
0
0
0
0
0
0
-1
0
0
0
0
0
0
-1
0
0
0
0
0
0
11
6
4
435
85
20
2
15
280
4
50
0
0
0
0
0
0
0
1
1
14
0
0
155
0
1
0
0
0
0
0
-1
0
0
0
0
0
0
1
1
0
1
0
0
10
-1
0
0
0
0
0
0
2
1
2
0
2
0
20
-1
0
0
0
0
0
0
3
1
0
1
1
0
5
-1
0
0
0
0
0
0
-1
0
0
0
0
0
0
-1
0
0
0
0
0
0
-1
0
0
0
0
0
0
-1
0
0
0
0
0
0
-1
0
0
0
0
0
0
-1
0
0
0
0
0
0
-1
0
0
0
0
0
0
12
5
3
295
35
20
3
13
180
2
20
0
0
0
0
0
0
0
1
1
6
3
0
60
0
0
0
0
0
0
0
1
1
0
1
0
0
10
1
0
0
0
0
0
0
2
1
0
2
1
0
15
2
1
0
1
0
0
10
3
1
0
3
0
0
30
3
1
0
1
1
0
5
-1
0
0
0
0
0
0
4
0
0
0
0
0
0
-1
0
0
0
0
0
0
-1
0
0
0
0
0
0
-1
0
0
0
0
0
0
-1
0
0
0
0
0
0
-1
0
0
0
0
0
0
-1
0
0
0
0
0
0
13
1
9
490
80
20
3
15
320
3
50
0
0
0
0
0
0
0
1
3
5
1
0
90
0
1
0
0
0
0
0
1
1
3
3
1
0
70
1
1
0
2
0
0
20
2
1
0
1
0
0
10
2
1
0
1
0
0
10
-1
0
0
0
0
0
0
3
1
0
0
0
0
0
-1
0
0
0
0
0
0
-1
0
0
0
0
0
0
-1
0
0
0
0
0
0
-1
0
0
0
0
0
0
-1
0
0
0
0
0
0
-1
0
0
0
0
0
0
-1
0
0
0
0
0
0
-1
0
0
0
0
0
0
14
0
11
450
130
20
3
14
290
5
100
0
0
0
0
0
0
0
1
3
6
0
0
105
0
1
0
1
3
0
-5
1
1
1
0
0
0
15
1
0
0
0
0
0
0
2
1
0
0
0
0
0
2
1
0
1
1
0
5
3
1
1
3
1
0
40
3
1
1
2
1
0
30
4
0
0
0
0
0
0
-1
0
0
0
0
0
0
-1
0
0
0
0
0
0
-1
0
0
0
0
0
0
-1
0
0
0
0
0
0
-1
0
0
0
0
0
0
-1
0
0
0
0
0
0
-1
0
0
0
0
0
0
15
7
8
150
210
20
3
7
100
10
130
0
0
0
0
0
0
0
1
0
3
1
0
25
0
1
0
4
0
0
40
1
1
0
0
0
0
0
1
1
0
5
3
0
35
2
1
0
4
3
0
25
2
1
0
1
1
0
5
-1
0
0
0
0
0
0
-1
0
0
0
0
0
0
-1
0
0
0
0
0
0
-1
0
0
0
0
0
0
-1
0
0
0
0
0
0
-1
0
0
0
0
0
0
-1
0
0
0
0
0
0
-1
0
0
0
0
0
0
-1
0
0
0
0
0
0
-1
0
0
0
0
0
0
16
10
4
455
55
20
3
15
300
3
30
0
0
0
0
0
0
0
1
1
1
0
0
25
0
1
0
0
0
0
0
1
1
0
3
1
0
25
1
1
1
0
0
0
15
2
1
3
1
2
0
45
2
1
0
1
2
0
0
3
1
0
6
0
0
60
3
1
0
1
0
0
10
-1
0
0
0
0
0
0
-1
0
0
0
0
0
0
-1
0
0
0
0
0
0
-1
0
0
0
0
0
0
-1
0
0
0
0
0
0
-1
0
0
0
0
0
0
-1
0
0
0
0
0
0
-1
0
0
0
0
0
0
17
6
2
105
345
20
3
5
70
13
220
0
0
0
0
0
0
0
1
1
4
4
0
35
0
1
1
5
1
0
60
-1
0
0
0
0
0
0
1
1
1
2
2
0
25
-1
0
0
0
0
0
0
2
1
1
3
1
0
40
-1
0
0
0
0
0
0
-1
0
0
0
0
0
0
-1
0
0
0
0
0
0
-1
0
0
0
0
0
0
-1
0
0
0
0
0
0
-1
0
0
0
0
0
0
-1
0
0
0
0
0
0
-1
0
0
0
0
0
0
-1
0
0
0
0
0
0
-1
0
0
0
0
0
0
18
0
9
265
15
20
4
12
130
2
0
0
0
0
0
0
0
0
0
0
0
0
0
0
0
1
0
1
1
0
5
1
1
2
1
1
0
35
1
1
0
0
0
0
0
2
1
0
0
0
0
0
2
1
0
1
0
0
10
3
1
1
3
0
0
45
3
1
0
0
0
0
0
4
1
3
2
2
0
55
-1
0
0
0
0
0
0
-1
0
0
0
0
0
0
-1
0
0
0
0
0
0
-1
0
0
0
0
0
0
-1
0
0
0
0
0
0
-1
0
0
0
0
0
0
-1
0
0
0
0
0
0
19
8
1
70
405
20
4
3
40
14
250
0
0
0
0
0
0
0
1
0
3
0
0
30
0
1
5
7
1
0
140
1
1
0
0
0
0
0
1
0
0
0
0
0
0
2
1
0
0
0
0
0
2
1
1
1
2
0
15
-1
0
0
0
0
0
0
-1
0
0
0
0
0
0
-1
0
0
0
0
0
0
-1
0
0
0
0
0
0
-1
0
0
0
0
0
0
-1
0
0
0
0
0
0
-1
0
0
0
0
0
0
-1
0
0
0
0
0
0
-1
0
0
0
0
0
0
-1
0
0
0
0
0
0
20
10
3
435
50
20
4
14
300
2
30
0
0
0
0
0
0
0
1
0
0
1
0
-5
0
0
0
0
0
0
0
1
1
0
3
2
0
20
1
0
0
0
0
0
0
2
1
4
4
3
0
85
2
1
0
2
0
0
20
3
1
1
2
0
0
35
3
1
0
0
0
0
0
-1
0
0
0
0
0
0
4
0
0
0
0
0
0
-1
0
0
0
0
0
0
-1
0
0
0
0
0
0
-1
0
0
0
0
0
0
-1
0
0
0
0
0
0
-1
0
0
0
0
0
0
-1
0
0
0
0
0
0
21
2
4
370
30
20
4
14
220
2
20
0
0
0
0
0
0
0
1
3
6
3
0
90
0
1
0
0
0
0
0
1
1
2
0
0
0
30
1
1
0
0
0
0
0
2
1
1
2
1
0
30
2
1
0
1
2
0
0
-1
0
0
0
0
0
0
3
1
0
1
0
0
10
-1
0
0
0
0
0
0
-1
0
0
0
0
0
0
-1
0
0
0
0
0
0
-1
0
0
0
0
0
0
-1
0
0
0
0
0
0
-1
0
0
0
0
0
0
-1
0
0
0
0
0
0
-1
0
0
0
0
0
0
22
7
11
145
220
20
4
8
50
8
160
0
0
0
0
0
0
0
1
1
0
0
0
15
0
1
0
2
1
0
15
1
1
0
0
0
0
0
1
1
2
1
2
0
30
2
1
2
5
0
0
80
2
1
0
3
0
0
30
-1
0
0
0
0
0
0
3
1
0
0
3
0
-15
-1
0
0
0
0
0
0
-1
0
0
0
0
0
0
-1
0
0
0
0
0
0
-1
0
0
0
0
0
0
-1
0
0
0
0
0
0
-1
0
0
0
0
0
0
-1
0
0
0
0
0
0
-1
0
0
0
0
0
0
23
5
6
85
380
20
4
3
60
13
240
0
0
0
0
0
0
0
1
0
1
1
0
5
0
1
3
10
1
0
140
1
1
0
0
0
0
0
-1
0
0
0
0
0
0
2
1
0
0
1
0
-5
-1
0
0
0
0
0
0
3
1
1
1
0
0
25
-1
0
0
0
0
0
0
-1
0
0
0
0
0
0
-1
0
0
0
0
0
0
-1
0
0
0
0
0
0
-1
0
0
0
0
0
0
-1
0
0
0
0
0
0
-1
0
0
0
0
0
0
-1
0
0
0
0
0
0
-1
0
0
0
0
0
0
24
11
1
125
355
20
5
4
90
13
210
0
0
0
0
0
0
0
1
0
0
3
0
-15
0
1
2
5
0
0
80
1
1
2
0
1
0
25
1
0
0
0
0
0
0
2
1
1
1
0
0
25
2
1
2
4
1
0
65
3
1
0
0
0
0
0
-1
0
0
0
0
0
0
-1
0
0
0
0
0
0
-1
0
0
0
0
0
0
-1
0
0
0
0
0
0
-1
0
0
0
0
0
0
-1
0
0
0
0
0
0
-1
0
0
0
0
0
0
-1
0
0
0
0
0
0
-1
0
0
0
0
0
0
25
10
6
380
250
20
5
11
250
7
160
0
0
0
0
0
0
0
1
0
0
1
0
-5
0
1
4
3
0
0
90
1
1
0
0
0
0
0
-1
0
0
0
0
0
0
2
1
5
2
1
0
90
-1
0
0
0
0
0
0
3
1
2
2
1
0
45
-1
0
0
0
0
0
0
-1
0
0
0
0
0
0
-1
0
0
0
0
0
0
-1
0
0
0
0
0
0
-1
0
0
0
0
0
0
-1
0
0
0
0
0
0
-1
0
0
0
0
0
0
-1
0
0
0
0
0
0
-1
0
0
0
0
0
0
26
0
7
390
100
20
5
14
250
5
50
0
0
0
0
0
0
0
1
1
8
1
0
90
0
1
1
0
0
0
15
1
0
0
0
0
0
0
1
1
0
0
0
0
0
2
1
0
0
0
0
0
2
1
0
4
1
0
35
3
1
0
0
0
0
0
-1
0
0
0
0
0
0
4
1
2
3
2
0
50
-1
0
0
0
0
0
0
-1
0
0
0
0
0
0
-1
0
0
0
0
0
0
-1
0
0
0
0
0
0
-1
0
0
0
0
0
0
-1
0
0
0
0
0
0
-1
0
0
0
0
0
0
27
2
5
330
155
20
5
11
210
7
80
0
0
0
0
0
0
0
1
1
3
2
0
35
0
1
1
3
0
0
45
1
1
4
3
1
0
85
1
1
0
1
0
0
10
2
1
0
0
0
0
0
2
1
0
0
0
0
0
-1
0
0
0
0
0
0
3
1
0
2
0
0
20
-1
0
0
0
0
0
0
-1
0
0
0
0
0
0
-1
0
0
0
0
0
0
-1
0
0
0
0
0
0
-1
0
0
0
0
0
0
-1
0
0
0
0
0
0
-1
0
0
0
0
0
0
-1
0
0
0
0
0
0
28
9
8
225
80
20
5
12
120
4
60
0
0
0
0
0
0
0
1
0
1
2
0
0
0
1
1
2
4
0
15
1
1
0
4
1
0
35
1
1
0
0
0
0
0
2
1
0
6
0
0
60
2
1
0
1
1
0
5
3
1
0
1
0
0
10
-1
0
0
0
0
0
0
-1
0
0
0
0
0
0
-1
0
0
0
0
0
0
-1
0
0
0
0
0
0
-1
0
0
0
0
0
0
-1
0
0
0
0
0
0
-1
0
0
0
0
0
0
-1
0
0
0
0
0
0
-1
0
0
0
0
0
0
29
4
3
175
185
20
5
8
90
8
100
0
0
0
0
0
0
0
1
0
0
0
0
0
0
0
0
0
0
0
0
1
1
2
2
0
0
50
1
0
0
0
0
0
0
2
1
0
3
2
0
20
2
1
1
6
0
0
75
3
1
1
0
0
0
15
3
1
0
1
0
0
10
-1
0
0
0
0
0
0
4
0
0
0
0
0
0
-1
0
0
0
0
0
0
-1
0
0
0
0
0
0
-1
0
0
0
0
0
0
-1
0
0
0
0
0
0
-1
0
0
0
0
0
0
-1
0
0
0
0
0
0
30
1
10
320
315
20
6
11
180
9
210
0
0
0
0
0
0
0
1
6
4
0
0
130
0
1
2
0
0
0
30
1
0
0
0
0
0
0
1
1
0
0
1
0
-5
2
1
0
1
0
0
10
2
1
4
2
2
0
70
-1
0
0
0
0
0
0
3
1
0
1
0
0
10
-1
0
0
0
0
0
0
-1
0
0
0
0
0
0
-1
0
0
0
0
0
0
-1
0
0
0
0
0
0
-1
0
0
0
0
0
0
-1
0
0
0
0
0
0
-1
0
0
0
0
0
0
-1
0
0
0
0
0
0
31
8
5
335
20
20
6
14
180
2
20
0
0
0
0
0
0
0
1
1
4
0
0
55
0
1
0
0
2
0
-10
1
1
2
5
0
0
80
1
1
1
0
0
0
15
2
1
0
2
0
0
20
2
1
0
0
3
0
-15
-1
0
0
0
0
0
0
3
1
0
1
0
0
10
-1
0
0
0
0
0
0
-1
0
0
0
0
0
0
-1
0
0
0
0
0
0
-1
0
0
0
0
0
0
-1
0
0
0
0
0
0
-1
0
0
0
0
0
0
-1
0
0
0
0
0
0
-1
0
0
0
0
0
0
32
2
0
185
415
20
6
7
110
12
260
0
0
0
0
0
0
0
1
1
2
1
0
30
0
1
5
4
0
0
115
1
1
3
1
0
0
55
1
1
2
0
0
0
30
2
1
0
0
2
0
-10
2
0.5
0
0
0
0
0
-1
0
0
0
0
0
0
3
1
0
0
0
0
0
-1
0
0
0
0
0
0
4
0.5
0
1
0
0
10
-1
0
0
0
0
0
0
-1
0
0
0
0
0
0
-1
0
0
0
0
0
0
-1
0
0
0
0
0
0
-1
0
0
0
0
0
0
-1
0
0
0
0
0
0
33
3
7
190
55
20
6
9
110
4
20
0
0
0
0
0
0
0
1
0
2
0
0
20
0
1
0
2
0
0
20
1
1
0
0
1
0
-5
1
1
0
0
1
0
-5
2
1
1
4
2
0
45
2
1
1
1
1
0
20
3
1
0
2
0
0
20
-1
0
0
0
0
0
0
4
0
0
0
0
0
0
-1
0
0
0
0
0
0
-1
0
0
0
0
0
0
-1
0
0
0
0
0
0
-1
0
0
0
0
0
0
-1
0
0
0
0
0
0
-1
0
0
0
0
0
0
-1
0
0
0
0
0
0
34
6
11
280
200
20
6
12
140
7
120
0
0
0
0
0
0
0
1
4
8
0
0
140
0
1
1
0
0
0
15
-1
0
0
0
0
0
0
1
1
1
0
2
0
5
-1
0
0
0
0
0
0
2
1
0
0
0
0
0
-1
0
0
0
0
0
0
4
0.75
3
2
1
0
60
-1
0
0
0
0
0
0
3
0
0
0
0
0
0
-1
0
0
0
0
0
0
-1
0
0
0
0
0
0
-1
0
0
0
0
0
0
-1
0
0
0
0
0
0
-1
0
0
0
0
0
0
-1
0
0
0
0
0
0
35
9
4
170
125
20
6
9
100
7
60
0
0
0
0
0
0
0
1
0
2
1
0
15
0
1
0
1
0
0
10
1
1
0
2
2
0
10
1
1
0
2
0
0
20
2
1
0
4
1
0
35
2
1
0
1
1
0
5
3
1
0
1
0
0
10
3
1
0
3
0
0
30
-1
0
0
0
0
0
0
-1
0
0
0
0
0
0
-1
0
0
0
0
0
0
-1
0
0
0
0
0
0
-1
0
0
0
0
0
0
-1
0
0
0
0
0
0
-1
0
0
0
0
0
0
-1
0
0
0
0
0
0
36
2
1
200
310
20
7
9
130
10
200
0
0
0
0
0
0
0
1
1
4
4
0
35
0
1
2
1
1
0
35
1
1
3
0
2
0
35
1
0
0
0
0
0
0
2
1
0
1
2
0
0
2
1
2
5
1
0
75
-1
0
0
0
0
0
0
-1
0
0
0
0
0
0
-1
0
0
0
0
0
0
-1
0
0
0
0
0
0
-1
0
0
0
0
0
0
-1
0
0
0
0
0
0
-1
0
0
0
0
0
0
-1
0
0
0
0
0
0
-1
0
0
0
0
0
0
-1
0
0
0
0
0
0
37
3
5
125
280
20
7
6
70
11
170
0
0
0
0
0
0
0
1
0
2
0
0
20
0
1
2
4
1
0
65
1
1
1
1
2
0
15
1
1
1
1
1
0
20
2
1
1
0
2
0
5
2
1
0
3
1
0
25
3
1
1
0
0
0
15
3
1
0
0
0
0
0
4
0
0
0
0
0
0
-1
0
0
0
0
0
0
-1
0
0
0
0
0
0
-1
0
0
0
0
0
0
-1
0
0
0
0
0
0
-1
0
0
0
0
0
0
-1
0
0
0
0
0
0
-1
0
0
0
0
0
0
38
6
10
110
515
20
7
4
60
16
320
0
0
0
0
0
0
0
1
2
2
0
0
50
0
1
1
0
0
0
15
-1
0
0
0
0
0
0
1
1
1
1
0
0
25
-1
0
0
0
0
0
0
2
1
6
5
0
0
140
-1
0
0
0
0
0
0
3
1
1
1
2
0
15
-1
0
0
0
0
0
0
-1
0
0
0
0
0
0
-1
0
0
0
0
0
0
-1
0
0
0
0
0
0
-1
0
0
0
0
0
0
-1
0
0
0
0
0
0
-1
0
0
0
0
0
0
-1
0
0
0
0
0
0
39
8
9
190
210
20
7
9
110
10
110
0
0
0
0
0
0
0
1
0
2
0
0
20
0
1
1
3
0
0
45
1
1
0
6
1
0
55
1
1
0
0
2
0
-10
2
1
0
1
1
0
5
2
1
1
4
1
0
50
-1
0
0
0
0
0
0
3
1
1
0
0
0
15
-1
0
0
0
0
0
0
-1
0
0
0
0
0
0
-1
0
0
0
0
0
0
-1
0
0
0
0
0
0
-1
0
0
0
0
0
0
-1
0
0
0
0
0
0
-1
0
0
0
0
0
0
-1
0
0
0
0
0
0
40
0
11
380
305
20
7
11
250
9
200
0
0
0
0
0
0
0
1
3
2
2
0
55
0
1
2
1
0
0
40
1
1
2
1
0
0
40
1
1
2
1
1
0
35
2
0.5
0
0
0
0
0
2
1
1
0
0
0
15
3
0.5
0
0
0
0
0
3
0
0
0
0
0
0
4
1
1
2
0
0
35
4
1
0
2
1
0
15
-1
0
0
0
0
0
0
-1
0
0
0
0
0
0
-1
0
0
0
0
0
0
-1
0
0
0
0
0
0
-1
0
0
0
0
0
0
-1
0
0
0
0
0
0
41
4
7
95
175
20
7
7
40
9
90
0
0
0
0
0
0
0
0
0
0
0
0
0
0
1
0
0
1
0
-5
1
1
0
0
0
0
0
1
1
0
2
0
0
20
2
1
1
4
4
0
35
2
1
1
6
1
0
70
3
1
1
1
1
0
20
-1
0
0
0
0
0
0
-1
0
0
0
0
0
0
-1
0
0
0
0
0
0
-1
0
0
0
0
0
0
-1
0
0
0
0
0
0
-1
0
0
0
0
0
0
-1
0
0
0
0
0
0
-1
0
0
0
0
0
0
-1
0
0
0
0
0
0
42
2
6
265
295
20
8
10
160
10
180
0
0
0
0
0
0
0
1
2
5
1
0
75
0
1
3
7
0
0
115
1
1
2
1
2
0
30
-1
0
0
0
0
0
0
2
1
0
0
0
0
0
-1
0
0
0
0
0
0
-1
0
0
0
0
0
0
-1
0
0
0
0
0
0
-1
0
0
0
0
0
0
-1
0
0
0
0
0
0
-1
0
0
0
0
0
0
-1
0
0
0
0
0
0
-1
0
0
0
0
0
0
-1
0
0
0
0
0
0
-1
0
0
0
0
0
0
-1
0
0
0
0
0
0
43
11
10
275
460
20
8
8
180
12
300
0
0
0
0
0
0
0
1
1
2
1
0
30
0
1
0
0
0
0
0
1
1
1
0
0
0
15
1
1
1
1
0
0
25
2
1
0
0
0
0
0
2
1
5
1
1
0
80
3
0
0
0
0
0
0
3
1
3
1
0
0
55
4
1
2
2
0
0
50
-1
0
0
0
0
0
0
-1
0
0
0
0
0
0
-1
0
0
0
0
0
0
-1
0
0
0
0
0
0
-1
0
0
0
0
0
0
-1
0
0
0
0
0
0
-1
0
0
0
0
0
0
44
4
8
-1
-1
0
8
0
0
0
0
0
0
0
1
0
0
0
1
0
0
0
0
0
0
1
0
0
0
0
0
1
1
0
0
0
0
0
1
1
0
0
0
0
0
2
1
0
0
0
0
0
2
1
0
0
0
0
0
3
1
0
0
0
0
0
-1
0
0
0
0
0
0
-1
0
0
0
0
0
0
-1
0
0
0
0
0
0
-1
0
0
0
0
0
0
-1
0
0
0
0
0
0
-1
0
0
0
0
0
0
-1
0
0
0
0
0
0
-1
0
0
0
0
0
0
-1
0
0
0
0
0
0
45
0
1
405
250
20
8
12
260
7
160
0
0
0
0
0
0
0
1
4
1
0
0
70
0
1
4
0
0
0
60
1
1
5
0
2
0
65
1
0
0
0
0
0
0
2
0
0
0
0
0
0
2
1
1
2
1
0
30
3
1
0
0
0
0
0
-1
0
0
0
0
0
0
4
1
0
2
2
0
10
-1
0
0
0
0
0
0
-1
0
0
0
0
0
0
-1
0
0
0
0
0
0
-1
0
0
0
0
0
0
-1
0
0
0
0
0
0
-1
0
0
0
0
0
0
-1
0
0
0
0
0
0
46
5
7
205
140
20
8
9
130
7
70
0
0
0
0
0
0
0
1
0
4
3
0
25
0
1
1
0
1
0
10
1
1
0
0
0
0
0
1
1
0
0
0
0
0
2
1
0
4
1
0
35
2
1
0
6
0
0
60
3
1
1
0
0
0
15
-1
0
0
0
0
0
0
-1
0
0
0
0
0
0
-1
0
0
0
0
0
0
-1
0
0
0
0
0
0
-1
0
0
0
0
0
0
-1
0
0
0
0
0
0
-1
0
0
0
0
0
0
-1
0
0
0
0
0
0
-1
0
0
0
0
0
0
47
3
9
220
210
20
8
9
120
9
120
0
0
0
0
0
0
0
1
0
0
0
0
0
0
1
0
1
1
0
5
1
1
0
2
0
0
20
1
1
0
3
0
0
30
2
1
3
1
1
0
50
2
1
1
2
0
0
35
3
1
1
2
1
0
30
3
1
0
2
0
0
20
4
0
0
0
0
0
0
-1
0
0
0
0
0
0
-1
0
0
0
0
0
0
-1
0
0
0
0
0
0
-1
0
0
0
0
0
0
-1
0
0
0
0
0
0
-1
0
0
0
0
0
0
-1
0
0
0
0
0
0
48
0
6
390
180
20
9
13
250
6
110
0
0
0
0
0
0
0
1
4
4
1
0
95
0
1
2
4
0
0
70
1
0.5
2
2
1
0
45
-1
0
0
0
0
0
0
2
1
0
0
0
0
0
-1
0
0
0
0
0
0
3
0.5
0
0
2
0
-10
-1
0
0
0
0
0
0
4
1
0
1
0
0
10
-1
0
0
0
0
0
0
-1
0
0
0
0
0
0
-1
0
0
0
0
0
0
-1
0
0
0
0
0
0
-1
0
0
0
0
0
0
-1
0
0
0
0
0
0
-1
0
0
0
0
0
0
49
11
1
285
220
20
9
9
200
9
110
0
0
0
0
0
0
0
1
2
0
0
0
30
0
1
5
3
0
0
105
1
1
2
0
2
0
20
1
0
0
0
0
0
0
2
1
0
1
2
0
0
2
1
0
1
1
0
5
3
0
0
0
0
0
0
-1
0
0
0
0
0
0
4
1
1
3
2
0
35
-1
0
0
0
0
0
0
-1
0
0
0
0
0
0
-1
0
0
0
0
0
0
-1
0
0
0
0
0
0
-1
0
0
0
0
0
0
-1
0
0
0
0
0
0
-1
0
0
0
0
0
0
50
5
4
220
200
20
9
10
120
9
110
0
0
0
0
0
0
0
1
1
4
2
0
45
0
0
0
0
0
0
0
1
1
0
0
0
0
0
1
1
0
0
0
0
0
2
1
0
3
0
0
30
2
1
2
5
3
0
65
3
1
1
1
0
0
25
3
1
1
1
0
0
25
-1
0
0
0
0
0
0
-1
0
0
0
0
0
0
-1
0
0
0
0
0
0
-1
0
0
0
0
0
0
-1
0
0
0
0
0
0
-1
0
0
0
0
0
0
-1
0
0
0
0
0
0
-1
0
0
0
0
0
0
51
10
2
520
130
20
9
15
320
5
70
0
0
0
0
0
0
0
1
0
0
0
0
0
0
1
0
1
0
0
10
1
1
3
0
0
0
45
1
1
3
1
0
0
55
2
1
6
3
1
0
115
2
1
0
0
1
0
-5
3
1
2
1
0
0
40
-1
0
0
0
0
0
0
-1
0
0
0
0
0
0
-1
0
0
0
0
0
0
-1
0
0
0
0
0
0
-1
0
0
0
0
0
0
-1
0
0
0
0
0
0
-1
0
0
0
0
0
0
-1
0
0
0
0
0
0
-1
0
0
0
0
0
0
52
3
8
-1
-1
0
9
0
0
0
0
0
0
0
1
0
0
0
1
0
0
0
0
0
0
1
0
0
0
0
0
1
1
0
0
0
0
0
1
1
0
0
0
0
0
2
1
0
0
0
0
0
2
1
0
0
0
0
0
3
1
0
0
0
0
0
-1
0
0
0
0
0
0
4
0
0
0
0
0
0
-1
0
0
0
0
0
0
-1
0
0
0
0
0
0
-1
0
0
0
0
0
0
-1
0
0
0
0
0
0
-1
0
0
0
0
0
0
-1
0
0
0
0
0
0
-1
0
0
0
0
0
0
53
7
8
-1
-1
0
10
0
0
0
0
0
0
0
1
0
0
0
1
0
0
0
0
0
0
1
0
0
0
0
0
1
1
0
0
0
0
0
1
1
0
0
0
0
0
2
1
0
0
0
0
0
2
1
0
0
0
0
0
-1
0
0
0
0
0
0
-1
0
0
0
0
0
0
-1
0
0
0
0
0
0
-1
0
0
0
0
0
0
-1
0
0
0
0
0
0
-1
0
0
0
0
0
0
-1
0
0
0
0
0
0
-1
0
0
0
0
0
0
-1
0
0
0
0
0
0
-1
0
0
0
0
0
0
54
7
9
115
270
20
9
6
60
13
140
0
0
0
0
0
0
0
1
0
1
0
0
10
0
1
0
4
1
0
35
1
1
0
1
0
0
10
1
1
1
3
1
0
40
2
1
1
3
2
0
35
2
1
1
0
0
0
15
-1
0
0
0
0
0
0
3
1
0
4
0
0
40
-1
0
0
0
0
0
0
-1
0
0
0
0
0
0
-1
0
0
0
0
0
0
-1
0
0
0
0
0
0
-1
0
0
0
0
0
0
-1
0
0
0
0
0
0
-1
0
0
0
0
0
0
-1
0
0
0
0
0
0
55
10
0
450
125
20
10
14
290
4
80
0
0
0
0
0
0
0
1
0
2
0
0
20
0
1
0
1
0
0
10
1
1
0
0
0
0
0
1
1
0
1
1
0
5
2
1
6
2
2
0
100
2
0
0
0
0
0
0
3
1
2
2
2
0
40
3
1
0
0
0
0
0
-1
0
0
0
0
0
0
4
1
2
0
0
0
30
-1
0
0
0
0
0
0
-1
0
0
0
0
0
0
-1
0
0
0
0
0
0
-1
0
0
0
0
0
0
-1
0
0
0
0
0
0
-1
0
0
0
0
0
0
56
6
1
170
300
20
10
7
90
11
190
0
0
0
0
0
0
0
1
2
5
0
0
80
0
1
1
4
2
0
45
-1
0
0
0
0
0
0
1
0
0
0
0
0
0
-1
0
0
0
0
0
0
2
1
1
5
0
0
65
-1
0
0
0
0
0
0
-1
0
0
0
0
0
0
-1
0
0
0
0
0
0
-1
0
0
0
0
0
0
-1
0
0
0
0
0
0
-1
0
0
0
0
0
0
-1
0
0
0
0
0
0
-1
0
0
0
0
0
0
-1
0
0
0
0
0
0
-1
0
0
0
0
0
0
57
2
11
150
400
20
10
6
100
14
230
0
0
0
0
0
0
0
1
3
1
4
0
35
0
1
1
2
0
0
35
1
1
1
1
2
0
15
1
1
1
1
0
0
25
2
1
0
0
0
0
0
2
1
0
2
0
0
20
-1
0
0
0
0
0
0
3
0
0
0
0
0
0
-1
0
0
0
0
0
0
4
1
5
2
1
0
90
-1
0
0
0
0
0
0
-1
0
0
0
0
0
0
-1
0
0
0
0
0
0
-1
0
0
0
0
0
0
-1
0
0
0
0
0
0
-1
0
0
0
0
0
0
59
5
9
290
120
20
10
11
180
7
60
0
0
0
0
0
0
0
1
1
4
2
0
45
0
1
0
1
2
0
0
1
1
1
3
0
0
45
1
1
0
2
0
0
20
2
1
0
2
0
0
20
2
1
0
3
0
0
30
3
1
0
0
0
0
0
3
1
0
1
0
0
10
-1
0
0
0
0
0
0
-1
0
0
0
0
0
0
-1
0
0
0
0
0
0
-1
0
0
0
0
0
0
-1
0
0
0
0
0
0
-1
0
0
0
0
0
0
-1
0
0
0
0
0
0
-1
0
0
0
0
0
0
59
3
4
135
140
21
10
6
90
8
70
0
0
0
0
0
0
0
1
0
0
0
0
0
0
0
0
0
0
0
0
1
1
0
0
0
0
0
1
1
0
6
1
0
55
2
1
0
4
2
0
30
2
1
0
1
1
0
5
3
1
0
2
1
0
15
3
1
0
1
0
0
10
4
0
0
0
0
0
0
-1
0
0
0
0
0
0
-1
0
0
0
0
0
0
-1
0
0
0
0
0
0
-1
0
0
0
0
0
0
-1
0
0
0
0
0
0
-1
0
0
0
0
0
0
-1
0
0
0
0
0
0
60
10
0
350
310
20
11
10
240
10
190
0
0
0
0
0
0
0
1
0
0
0
0
0
0
1
3
3
0
0
75
1
1
2
1
1
0
35
1
1
2
1
1
0
35
2
1
3
3
2
0
65
2
0
0
0
0
0
0
3
1
1
0
1
0
10
3
1
0
0
0
0
0
-1
0
0
0
0
0
0
4
1
0
1
0
0
10
-1
0
0
0
0
0
0
-1
0
0
0
0
0
0
-1
0
0
0
0
0
0
-1
0
0
0
0
0
0
-1
0
0
0
0
0
0
-1
0
0
0
0
0
0
1
1
3
0
1
2
254
1
1
1
1
1
1
1
0
1
1





1
_rounds.html
_standings.html
_individuals.html
_games.html
_teamdetail.html
_playerdetail.html
_statkey.html

2
Journey to the Center of the Good Earth
A Room with a View from the Bridge
12
0
0
0
1
1
1
0
1
1
1
0
0
15
10
-5
0
0
12
0
0
0
0
0
0
0
0
0
0
0
0
