26
5
Rancho Bernardo (JV)
Sandy Tran (12)
YungYi Sun (12)
Patrick Joyce (11)
Katheryn Garrett (11)
5
Westview A (V)
Daniel Jung (12)
Gary Lin (11)
Shahar Schwartz (12)
Junu Song (12)
6
Westview B (V)
Nicholas Dai (11)
Andrew Jia (11)
Richard Lin (9)
Pramod Shastry (9)
Rohan Venkateswaran (12)
4
Westview C (JV)
Rohan Kumar (11)
Radhika Sreelal (10)
Aiken Wang (9)
4
La Serna A (JV)
Cole Aedo (12)
Ian Brennan (12)
Jay Gamez (12)
4
La Serna B (JV)
Jerred Casillas (12)
Liz Carrasco (12)
Colin Twisselmann (10)
5
La Jolla (V)
Kevin Park (11)
Caleb Cruz (11)
Richard Chao (11)
David Smith (11)
5
Cathedral Catholic (V)
Mikayla Nang (11)
Jacob Titcomb (11)
Ryan Shakiba (10)
Sinead Archdeacon (10)
4
Canyon Crest A (V)
Wesley Zhang (12)
Raymond Song (12)
Leo Gu (10)
4
Canyon Crest B (V)
Shreyank Kadadi (12)
Jonathan Hsieh (12)
Kevin Luo (10)
6
Canyon Crest C (V)
Nithin Chilakapati (10)
Cade McAllister (10)
Paul Mola (11)
James Wright (11)
Andrew Sun (10)
5
Canyon Crest D (JV)
Tompson Hsu (12)
Demitrius Hong (12)
Kyle Lu (12)
Michael Chen (12)
5
Oak Valley A (JV)
Conner Feng (8)
Jadon Pandian (7)
Jonas Brown (7)
Raunak Mondal (7)
6
Oak Valley B (JV)
Aditi Bandaru (7)
Amina Aslam-Mir (7)
Ethan Huang (7)
John Bruvold (8)
Rohan Gaikwad (8)
5
Oak Valley C (JV)
Chinmay Ramamurthy (7)
Saanvi Agarwal (6)
Sarah Feng (6)
Tay Kim (7)
5
Valley Center (JV)
Mehreen Sing (12)
Ava Downey (12)
Aaron Martinez (11)
Leon Thigh (11)
2
Santa Monica A (V)
Josh Xu (11)
4
Santa Monica B (V)
Jacob Cohen (10)
Ethan Hopkins (10)
Kethan Raman (10)
5
Black Mountain A (JV)
Tanvi Bhide (7)
Adarsh Venkateswaran (8)
Anvit Watwani (7)
Edwin Chang (8)
5
Black Mountain B (JV)
Pranay Kulkarni (7)
Anay Sabhnani (7)
Lauren Yung (8)
Raina Chatterjee (7)
4
Scripps Ranch A (V)
Jeremy Ngo (12)
Albert Gu (12)
Jack Hoover (12)
5
Scripps Ranch B (JV)
Lawrence Lo (9)
Tristan Thai (9)
Sam Wu (9)
Shabdika Gubba (9)
6
Arcadia (V)
Amogh Kulkarni (10)
Ryan Sun (10)
Sanjith Menon (10)
Michael Kwok (10)
Spencer Cheng (12)
5
Troy A (V)
Tyler Kim (11)
Luke Park (11)
Henry Tang (10)
Daniel Shin (10)
4
Troy B (JV)
Juan Manalo (11)
Ryan Salehi (11)
Luke Waldo (11)
3
Del Norte (JV)
Kinish Sathish (9)
Kyle Nagasawa (11)
------
0
0
11
18
250
220
20
1
11
150
7
150
0
0
0
0
0
0
1.0
1
5
2
0
55
1
1.0
0
2
1
0
15
1
1.0
0
2
0
0
20
0
1.0
1
1
0
0
25
2
1.0
1
2
2
0
25
2
1.0
0
2
0
0
20
-1
0
0
0
0
0
0
3
1.0
0
1
0
0
10
-1
0
0
0
0
0
0
-1
0
0
0
0
0
0
-1
0
0
0
0
0
0
-1
0
0
0
0
0
0
-1
0
0
0
0
0
0
-1
0
0
0
0
0
0
-1
0
0
0
0
0
0
-1
0
0
0
0
0
0
1
1
25
12
170
435
20
1
7
110
12
300
0
0
0
0
0
-1
0
0
0
0
0
0
0
1.0
2
3
0
0
60
-1
0
0
0
0
0
0
3
1.0
4
1
2
0
60
-1
0
0
0
0
0
0
-1
0
0
0
0
0
0
-1
0
0
0
0
0
0
1
1.0
0
1
1
0
5
1
1.0
0
3
1
0
25
2
1.0
0
1
0
0
10
0
1.0
2
2
3
0
35
-1
0
0
0
0
0
0
-1
0
0
0
0
0
0
-1
0
0
0
0
0
0
-1
0
0
0
0
0
0
-1
0
0
0
0
0
0
2
2
13
0
200
220
20
1
9
110
9
120
0
0
0
0
0
4
1.0
1
5
1
0
60
0
1.0
1
6
0
0
75
1
1.0
1
1
2
0
15
2
1.0
0
1
0
0
10
3
1.0
1
0
0
0
15
3
1.0
0
0
0
0
0
2
0.5
0
0
0
0
0
1
1.0
1
0
0
0
15
0
0.5
0
0
0
0
0
-1
0
0
0
0
0
0
-1
0
0
0
0
0
0
-1
0
0
0
0
0
0
-1
0
0
0
0
0
0
-1
0
0
0
0
0
0
-1
0
0
0
0
0
0
-1
0
0
0
0
0
0
3
3
19
3
170
325
20
1
7
100
11
210
0
0
0
0
0
2
1.0
0
1
1
0
5
0
1.0
0
5
2
0
40
0
1.0
0
1
0
0
10
2
1.0
3
1
0
0
55
3
1.0
0
0
0
0
0
1
1.0
0
2
0
0
20
1
1.0
1
4
0
0
55
-1
0
0
0
0
0
0
-1
0
0
0
0
0
0
-1
0
0
0
0
0
0
-1
0
0
0
0
0
0
-1
0
0
0
0
0
0
-1
0
0
0
0
0
0
-1
0
0
0
0
0
0
-1
0
0
0
0
0
0
-1
0
0
0
0
0
0
4
4
5
14
65
185
19
1
3
40
11
90
0
0
0
0
0
1
1.0526315789473684
0
1
1
0
5
2
1.0526315789473684
0
3
0
0
30
0
1.0526315789473684
0
0
0
0
0
0
1.0526315789473684
0
4
3
0
25
2
1.0526315789473684
0
2
0
0
20
1
1.0526315789473684
0
2
0
0
20
-1
0
0
0
0
0
0
3
1.0526315789473684
0
2
0
0
20
-1
0
0
0
0
0
0
-1
0
0
0
0
0
0
-1
0
0
0
0
0
0
-1
0
0
0
0
0
0
-1
0
0
0
0
0
0
-1
0
0
0
0
0
0
-1
0
0
0
0
0
0
-1
0
0
0
0
0
0
5
5
21
4
280
165
19
1
11
160
7
100
0
0
0
0
0
2
1.0526315789473684
0
1
0
0
10
0
1.0526315789473684
1
1
2
0
15
0
1.0526315789473684
1
8
0
0
95
2
1.0526315789473684
0
0
0
0
0
1
1.0526315789473684
0
0
0
0
0
1
1.0526315789473684
1
4
1
0
50
3
1.0526315789473684
1
0
0
0
15
-1
0
0
0
0
0
0
-1
0
0
0
0
0
0
-1
0
0
0
0
0
0
-1
0
0
0
0
0
0
-1
0
0
0
0
0
0
-1
0
0
0
0
0
0
-1
0
0
0
0
0
0
-1
0
0
0
0
0
0
-1
0
0
0
0
0
0
6
6
9
1
215
445
20
1
8
130
12
290
0
0
0
0
0
0
1.0
2
3
2
0
50
2
1.0
8
2
1
0
135
1
1.0
1
2
0
0
35
3
1.0
0
1
1
0
5
2
1.0
0
0
0
0
0
0
1.0
0
0
0
0
0
-1
0
0
0
0
0
0
1
1.0
1
0
0
0
15
-1
0
0
0
0
0
0
-1
0
0
0
0
0
0
-1
0
0
0
0
0
0
-1
0
0
0
0
0
0
-1
0
0
0
0
0
0
-1
0
0
0
0
0
0
-1
0
0
0
0
0
0
-1
0
0
0
0
0
0
7
7
22
8
305
375
20
1
9
210
11
250
0
0
0
0
0
0
1.0
3
3
2
0
65
1
1.0
4
2
3
0
65
4
1.0
0
2
0
0
20
0
1.0
2
2
0
0
50
1
1.0
1
0
1
0
10
2
1.0
0
1
0
0
10
3
1.0
0
0
0
0
0
-1
0
0
0
0
0
0
-1
0
0
0
0
0
0
-1
0
0
0
0
0
0
-1
0
0
0
0
0
0
-1
0
0
0
0
0
0
-1
0
0
0
0
0
0
-1
0
0
0
0
0
0
-1
0
0
0
0
0
0
-1
0
0
0
0
0
0
8
8
10
16
120
330
20
1
5
70
14
200
0
0
0
0
0
2
1.0
0
2
0
0
20
0
1.0
1
13
3
0
130
3
1.0
0
3
0
0
30
-1
0
0
0
0
0
0
-1
0
0
0
0
0
0
-1
0
0
0
0
0
0
-1
0
0
0
0
0
0
-1
0
0
0
0
0
0
-1
0
0
0
0
0
0
-1
0
0
0
0
0
0
-1
0
0
0
0
0
0
-1
0
0
0
0
0
0
-1
0
0
0
0
0
0
-1
0
0
0
0
0
0
-1
0
0
0
0
0
0
-1
0
0
0
0
0
0
9
9
20
2
235
225
20
1
9
150
11
120
0
0
0
0
0
1
1.0
1
5
2
0
55
0
1.0
0
4
0
0
40
0
1.0
0
3
0
0
30
3
1.0
1
2
3
0
20
-1
0
0
0
0
0
0
2
1.0
1
3
0
0
45
-1
0
0
0
0
0
0
-1
0
0
0
0
0
0
-1
0
0
0
0
0
0
-1
0
0
0
0
0
0
-1
0
0
0
0
0
0
-1
0
0
0
0
0
0
-1
0
0
0
0
0
0
-1
0
0
0
0
0
0
-1
0
0
0
0
0
0
-1
0
0
0
0
0
0
10
10
7
6
70
260
20
1
4
40
13
130
0
0
0
0
0
1
1.0
0
1
0
0
10
1
1.0
0
2
0
0
20
2
1.0
1
1
3
0
10
0
1.0
1
6
2
0
65
0
1.0
0
0
0
0
0
2
1.0
1
3
0
0
45
3
1.0
0
1
0
0
10
3
1.0
0
0
0
0
0
-1
0
0
0
0
0
0
-1
0
0
0
0
0
0
-1
0
0
0
0
0
0
-1
0
0
0
0
0
0
-1
0
0
0
0
0
0
-1
0
0
0
0
0
0
-1
0
0
0
0
0
0
-1
0
0
0
0
0
0
11
11
17
23
215
150
20
1
9
120
7
100
0
0
0
0
0
2
1.0
1
7
0
0
85
1
1.0
0
3
0
0
30
1
1.0
0
1
0
0
10
0
1.0
0
1
2
0
0
0
1.0
0
0
0
0
0
2
1.0
0
2
0
0
20
-1
0
0
0
0
0
0
3
1.0
0
1
2
0
0
-1
0
0
0
0
0
0
-1
0
0
0
0
0
0
-1
0
0
0
0
0
0
-1
0
0
0
0
0
0
-1
0
0
0
0
0
0
-1
0
0
0
0
0
0
-1
0
0
0
0
0
0
-1
0
0
0
0
0
0
12
12
18
13
210
260
20
2
7
140
10
170
0
0
0
0
0
1
1.0
1
1
1
0
20
4
1.0
0
5
2
0
40
2
1.0
0
3
0
0
30
1
1.0
0
2
2
0
10
0
1.0
0
1
1
0
5
3
1.0
1
0
0
0
15
3
1.0
1
0
0
0
15
2
0.5
0
1
0
0
10
-1
0
0
0
0
0
0
0
0.5
1
0
0
0
15
-1
0
0
0
0
0
0
-1
0
0
0
0
0
0
-1
0
0
0
0
0
0
-1
0
0
0
0
0
0
-1
0
0
0
0
0
0
-1
0
0
0
0
0
0
13
13
25
19
375
135
20
2
13
220
5
80
0
0
0
0
0
0
1.0
5
2
0
0
95
0
1.0
0
0
0
0
0
1
1.0
1
5
1
0
60
2
1.0
0
2
0
0
20
-1
0
0
0
0
0
0
3
1.0
1
0
0
0
15
-1
0
0
0
0
0
0
1
1.0
0
2
0
0
20
-1
0
0
0
0
0
0
-1
0
0
0
0
0
0
-1
0
0
0
0
0
0
-1
0
0
0
0
0
0
-1
0
0
0
0
0
0
-1
0
0
0
0
0
0
-1
0
0
0
0
0
0
-1
0
0
0
0
0
0
14
14
11
5
420
60
20
2
15
260
3
40
0
0
0
0
0
0
1.0
2
1
0
0
40
1
1.0
0
0
2
0
-10
1
1.0
2
8
1
0
105
0
1.0
0
0
0
0
0
2
1.0
0
2
1
0
15
2
1.0
0
3
0
0
30
-1
0
0
0
0
0
0
-1
0
0
0
0
0
0
-1
0
0
0
0
0
0
-1
0
0
0
0
0
0
-1
0
0
0
0
0
0
-1
0
0
0
0
0
0
-1
0
0
0
0
0
0
-1
0
0
0
0
0
0
-1
0
0
0
0
0
0
-1
0
0
0
0
0
0
15
15
12
21
485
165
20
2
14
310
6
100
0
0
0
0
0
0
1.0
3
2
0
0
65
2
1.0
0
2
0
0
20
3
1.0
2
2
0
0
50
0
1.0
0
1
0
0
10
1
1.0
0
1
0
0
10
1
1.0
1
1
0
0
25
2
1.0
2
2
0
0
50
3
1.0
0
1
0
0
10
-1
0
0
0
0
0
0
-1
0
0
0
0
0
0
-1
0
0
0
0
0
0
-1
0
0
0
0
0
0
-1
0
0
0
0
0
0
-1
0
0
0
0
0
0
-1
0
0
0
0
0
0
-1
0
0
0
0
0
0
16
16
24
0
70
435
20
2
3
60
14
270
0
0
0
0
0
1
1.0
0
1
1
0
5
1
1.0
0
2
0
0
20
0
1.0
0
2
2
0
10
3
1.0
1
0
0
0
15
2
1.0
0
0
1
0
-5
2
1.0
0
0
0
0
0
-1
0
0
0
0
0
0
0
1.0
4
7
0
0
130
-1
0
0
0
0
0
0
-1
0
0
0
0
0
0
-1
0
0
0
0
0
0
-1
0
0
0
0
0
0
-1
0
0
0
0
0
0
-1
0
0
0
0
0
0
-1
0
0
0
0
0
0
-1
0
0
0
0
0
0
17
